{
  "advancedEditorSelectedIdentifier" : "ProjectBrowser",
  "openSceneRelativePaths" : [
    "Immersive.usda",
    "Scene.usda"
  ],
  "recentIdentifiers" : {
    "D66134B1-3681-4A8E-AFE5-29F257229F3B" : [

    ]
  },
  "sceneCameraHistory" : {
    "AF09ED6F-1707-48FD-8720-65B998362C09" : [
      {
        "date" : 725179993.808357,
        "title" : "Untitled",
        "transform" : [
          1,
          0,
          0,
          0,
          0,
          0.86601608991622925,
          -0.50001615285873413,
          0,
          0,
          0.50001615285873413,
          0.86601608991622925,
          0,
          0,
          68.696617126464844,
          116.86869812011719,
          1
        ]
      }
    ],
    "D66134B1-3681-4A8E-AFE5-29F257229F3B" : [
      {
        "date" : 726141081.45235097,
        "title" : "Untitled",
        "transform" : [
          0.78228402137756348,
          -1.1304180924653906e-09,
          0.62292188405990601,
          0,
          0.036265622824430466,
          0.99830389022827148,
          -0.045543454587459564,
          0,
          -0.62186533212661743,
          0.058218568563461304,
          0.78095716238021851,
          0,
          -0.52547937631607056,
          0.14833858609199524,
          0.57649320363998413,
          1
        ]
      },
      {
        "date" : 726141076.84186399,
        "title" : "Untitled",
        "transform" : [
          0.78228402137756348,
          -1.1304180924653906e-09,
          0.62292188405990601,
          0,
          0.036265622824430466,
          0.99830389022827148,
          -0.045543454587459564,
          0,
          -0.62186533212661743,
          0.058218568563461304,
          0.78095716238021851,
          0,
          -0.32119303941726685,
          0.12917704880237579,
          0.3190801739692688,
          1
        ]
      },
      {
        "date" : 726141071.24106503,
        "title" : "Untitled",
        "transform" : [
          0.7822839617729187,
          -1.3496048723027343e-09,
          0.62292194366455078,
          0,
          0.036265622824430466,
          0.99830383062362671,
          -0.045543447136878967,
          0,
          -0.62186533212661743,
          0.058218572288751602,
          0.78095716238021851,
          0,
          -0.42133527994155884,
          0.15135392546653748,
          0.74897491931915283,
          1
        ]
      },
      {
        "date" : 726139721.56703496,
        "title" : "Untitled",
        "transform" : [
          0.98293250799179077,
          -3.6604319575417321e-10,
          -0.18396663665771484,
          0,
          -0.062319695949554443,
          0.94087445735931396,
          -0.33297371864318848,
          0,
          0.17308951914310455,
          0.33875545859336853,
          0.9248160719871521,
          0,
          0.12554685771465302,
          0.25114518404006958,
          0.49625903367996216,
          1
        ]
      },
      {
        "date" : 726139702.41065001,
        "title" : "Untitled",
        "transform" : [
          0.98987352848052979,
          9.2110113314447517e-08,
          -0.14195218682289124,
          0,
          -0.099285110831260681,
          0.71470510959625244,
          -0.69234323501586914,
          0,
          0.10145388543605804,
          0.69942593574523926,
          0.70746767520904541,
          0,
          -0.0091473516076803207,
          0.048775125294923782,
          -0.13231465220451355,
          1
        ]
      },
      {
        "date" : 726139674.05037498,
        "title" : "Untitled",
        "transform" : [
          0.98987352848052979,
          9.2110113314447517e-08,
          -0.14195218682289124,
          0,
          -0.099285110831260681,
          0.71470510959625244,
          -0.69234323501586914,
          0,
          0.10145388543605804,
          0.69942593574523926,
          0.70746767520904541,
          0,
          0.01330016553401947,
          0.20352892577648163,
          0.024218522012233734,
          1
        ]
      },
      {
        "date" : 726139662.27787805,
        "title" : "Untitled",
        "transform" : [
          0.98987352848052979,
          9.2110113314447517e-08,
          -0.14195218682289124,
          0,
          -0.099285110831260681,
          0.71470510959625244,
          -0.69234323501586914,
          0,
          0.10145388543605804,
          0.69942593574523926,
          0.70746767520904541,
          0,
          0.013300120830535889,
          0.10447889566421509,
          0.10986059904098511,
          1
        ]
      },
      {
        "date" : 726139296.33923602,
        "title" : "Untitled",
        "transform" : [
          0.98987352848052979,
          8.015710051267888e-08,
          -0.14195220172405243,
          0,
          -0.099285110831260681,
          0.71470504999160767,
          -0.69234323501586914,
          0,
          0.10145389288663864,
          0.69942599534988403,
          0.70746755599975586,
          0,
          0.41211479902267456,
          0.50154995918273926,
          0.50904816389083862,
          1
        ]
      },
      {
        "date" : 726130902.37686396,
        "title" : "Untitled",
        "transform" : [
          0.23005019128322601,
          8.5778907532585436e-08,
          -0.97317874431610107,
          0,
          -0.15799272060394287,
          0.98673367500305176,
          -0.037347890436649323,
          0,
          0.96026825904846191,
          0.16234709322452545,
          0.22699829936027527,
          0,
          0.8087843656539917,
          0.13208384811878204,
          -0.033841613680124283,
          1
        ]
      },
      {
        "date" : 726130897.49717605,
        "title" : "Untitled",
        "transform" : [
          -0.14463365077972412,
          9.0435825939039205e-08,
          -0.98948520421981812,
          0,
          -0.56898778676986694,
          0.81812936067581177,
          0.083169355988502502,
          0,
          0.80952703952789307,
          0.57503426074981689,
          -0.11832898855209351,
          0,
          0.76422369480133057,
          0.49591198563575745,
          -0.3344404399394989,
          1
        ]
      }
    ]
  },
  "selectedSceneRelativePath" : "Scene.usda"
}