{
  "advancedEditorSelectedIdentifier" : "ProjectBrowser",
  "openSceneRelativePaths" : [
    "Immersive.usda",
    "Scene.usda"
  ],
  "recentIdentifiers" : {
    "D66134B1-3681-4A8E-AFE5-29F257229F3B" : [

    ]
  },
  "sceneCameraHistory" : {
    "AF09ED6F-1707-48FD-8720-65B998362C09" : [
      {
        "date" : 725179993.808357,
        "title" : "Untitled",
        "transform" : [
          1,
          0,
          -0,
          0,
          -0,
          0.86601608991622925,
          -0.50001615285873413,
          0,
          0,
          0.50001615285873413,
          0.86601608991622925,
          0,
          0,
          68.696617126464844,
          116.86869812011719,
          1
        ]
      }
    ],
    "D66134B1-3681-4A8E-AFE5-29F257229F3B" : [
      {
        "date" : 725199809.65736401,
        "title" : "Untitled",
        "transform" : [
          0.95779168605804443,
          -3.2084699341794476e-09,
          -0.28746318817138672,
          0,
          -0.12322203069925308,
          0.90346908569335938,
          -0.41056045889854431,
          0,
          0.25971412658691406,
          0.4286532998085022,
          0.86533522605895996,
          0,
          0.61873841285705566,
          0.4705563485622406,
          0.56379806995391846,
          1
        ]
      },
      {
        "date" : 725181563.04062402,
        "title" : "Untitled",
        "transform" : [
          0.95779168605804443,
          -3.2084699341794476e-09,
          -0.28746318817138672,
          0,
          -0.12322204560041428,
          0.90346920490264893,
          -0.41056051850318909,
          0,
          0.25971412658691406,
          0.4286532998085022,
          0.86533522605895996,
          0,
          0.65787506103515625,
          0.53515064716339111,
          0.69419652223587036,
          1
        ]
      },
      {
        "date" : 725181518.68566096,
        "title" : "Untitled",
        "transform" : [
          0.94717395305633545,
          -1.2084369060971767e-09,
          -0.32072016596794128,
          0,
          -0.13293281197547913,
          0.91005748510360718,
          -0.39258673787117004,
          0,
          0.29187378287315369,
          0.41448220610618591,
          0.86198270320892334,
          0,
          0.68435406684875488,
          0.5217394232749939,
          0.67863231897354126,
          1
        ]
      },
      {
        "date" : 725181494.21650302,
        "title" : "Untitled",
        "transform" : [
          0.98477303981781006,
          2.0315895632450065e-09,
          0.17384569346904755,
          0,
          0.024216925725340843,
          0.9902501106262207,
          -0.1371801495552063,
          0,
          -0.17215068638324738,
          0.13930130004882812,
          0.97517138719558716,
          0,
          0.073583580553531647,
          0.15048997104167938,
          1.0319299697875977,
          1
        ]
      },
      {
        "date" : 725180274.505023,
        "title" : "Untitled",
        "transform" : [
          0.99760204553604126,
          1.0349530121800399e-09,
          0.069211453199386597,
          0,
          0.029513819143176079,
          0.90452075004577637,
          -0.42540714144706726,
          0,
          -0.062603190541267395,
          0.42642968893051147,
          0.90235167741775513,
          0,
          0.18272773921489716,
          0.42680323123931885,
          0.93148893117904663,
          1
        ]
      },
      {
        "date" : 725180257.84103203,
        "title" : "Untitled",
        "transform" : [
          1,
          0,
          0,
          0,
          0,
          0.86602544784545898,
          -0.49999994039535522,
          0,
          0,
          0.49999994039535522,
          0.86602544784545898,
          0,
          0.18272773921489716,
          0.42680323123931885,
          0.93148893117904663,
          1
        ]
      },
      {
        "date" : 725180255.92525995,
        "title" : "Untitled",
        "transform" : [
          1,
          0,
          0,
          0,
          0,
          0.86602544784545898,
          -0.49999994039535522,
          0,
          0,
          0.49999994039535522,
          0.86602544784545898,
          0,
          0.18272773921489716,
          0.41653835773468018,
          0.94933760166168213,
          1
        ]
      },
      {
        "date" : 725180200.95027697,
        "title" : "Untitled",
        "transform" : [
          1,
          0,
          0,
          0,
          0,
          0.86602544784545898,
          -0.49999994039535522,
          0,
          0,
          0.49999994039535522,
          0.86602544784545898,
          0,
          0.18272773921489716,
          0.57438308000564575,
          1.2227332592010498,
          1
        ]
      },
      {
        "date" : 725180199.41672206,
        "title" : "Untitled",
        "transform" : [
          1,
          0,
          0,
          0,
          0,
          0.86602544784545898,
          -0.49999994039535522,
          0,
          0,
          0.49999994039535522,
          0.86602544784545898,
          0,
          0.18365174531936646,
          0.70915687084197998,
          1.4506489038467407,
          1
        ]
      },
      {
        "date" : 725180186.14812398,
        "title" : "Untitled",
        "transform" : [
          1,
          0,
          0,
          0,
          0,
          0.86602544784545898,
          -0.49999994039535522,
          0,
          0,
          0.49999994039535522,
          0.86602544784545898,
          0,
          0.20318521559238434,
          3.5582797527313232,
          6.2687907218933105,
          1
        ]
      }
    ]
  },
  "selectedSceneRelativePath" : "Scene.usda"
}