{
  "advancedEditorSelectedIdentifier" : "ProjectBrowser",
  "openSceneRelativePaths" : [
    "Immersive.usda"
  ],
  "recentIdentifiers" : {
    "AF09ED6F-1707-48FD-8720-65B998362C09" : [

    ]
  },
  "sceneCameraHistory" : {
    "AF09ED6F-1707-48FD-8720-65B998362C09" : [
      {
        "date" : 727005156.01647103,
        "title" : "Untitled",
        "transform" : [
          0.99899572134017944,
          -3.3030822521595837e-10,
          -0.044807195663452148,
          0,
          -0.013007476925849915,
          0.95693612098693848,
          -0.29000717401504517,
          0,
          0.042877629399299622,
          0.2902987003326416,
          0.9559749960899353,
          0,
          0.082256302237510681,
          1.5839898586273193,
          0.33394074440002441,
          1
        ]
      },
      {
        "date" : 727005055.26533902,
        "title" : "Untitled",
        "transform" : [
          0.99994450807571411,
          -2.4319032898567627e-10,
          -0.010540592484176159,
          0,
          -0.0019370284862816334,
          0.98296970129013062,
          -0.18375763297080994,
          0,
          0.010361088439822197,
          0.18376782536506653,
          0.98291504383087158,
          0,
          0.019677044823765755,
          1.3806610107421875,
          0.36668884754180908,
          1
        ]
      },
      {
        "date" : 727004606.97983003,
        "title" : "Untitled",
        "transform" : [
          0.99992227554321289,
          -1.3361697859259891e-10,
          0.01247422955930233,
          0,
          0.006617911159992218,
          0.84766793251037598,
          -0.53048592805862427,
          0,
          -0.010573996230959892,
          0.53052717447280884,
          0.84760195016860962,
          0,
          -0.019937077537178993,
          2.037010669708252,
          0.098132878541946411,
          1
        ]
      },
      {
        "date" : 727004577.57235003,
        "title" : "Untitled",
        "transform" : [
          0.99992227554321289,
          -1.3361697859259891e-10,
          0.01247422955930233,
          0,
          0.006617911159992218,
          0.84766793251037598,
          -0.53048592805862427,
          0,
          -0.010573996230959892,
          0.53052717447280884,
          0.84760195016860962,
          0,
          -0.022931793704628944,
          2.1627373695373535,
          0.33818590641021729,
          1
        ]
      },
      {
        "date" : 727004576.07316697,
        "title" : "Untitled",
        "transform" : [
          0.99110198020935059,
          -1.4668832815090127e-10,
          -0.13310500979423523,
          0,
          -0.072333931922912598,
          0.83945125341415405,
          -0.53859955072402954,
          0,
          0.11173517256975174,
          0.54343503713607788,
          0.83198177814483643,
          0,
          0.24270138144493103,
          2.1907525062561035,
          0.30715858936309814,
          1
        ]
      },
      {
        "date" : 727004406.19874895,
        "title" : "Untitled",
        "transform" : [
          1,
          0,
          -0,
          0,
          -0,
          0.86601608991622925,
          -0.50001615285873413,
          0,
          0,
          0.50001615285873413,
          0.86601608991622925,
          0,
          1.8721825867373809e-08,
          2.0966875553131104,
          0.37143480777740479,
          1
        ]
      },
      {
        "date" : 727004370.29983401,
        "title" : "Untitled",
        "transform" : [
          1,
          0,
          0,
          0,
          0,
          0.86601608991622925,
          -0.50001615285873413,
          0,
          0,
          0.50001615285873413,
          0.86601608991622925,
          0,
          1.8721825867373809e-08,
          1.6752403974533081,
          -0.30544507503509521,
          1
        ]
      },
      {
        "date" : 727004359.63514102,
        "title" : "Untitled",
        "transform" : [
          1,
          0,
          0,
          0,
          0,
          0.86601608991622925,
          -0.50001615285873413,
          0,
          0,
          0.50001615285873413,
          0.86601608991622925,
          0,
          7.4787376291851615e-09,
          1.6589087247848511,
          -1.0228157043457031,
          1
        ]
      },
      {
        "date" : 727004232.89050305,
        "title" : "Untitled",
        "transform" : [
          1,
          0,
          0,
          0,
          0,
          0.86601608991622925,
          -0.50001615285873413,
          0,
          0,
          0.50001615285873413,
          0.86601608991622925,
          0,
          1.1853597214894762e-07,
          0.17441827058792114,
          0.50646102428436279,
          1
        ]
      },
      {
        "date" : 727004230.31353199,
        "title" : "Untitled",
        "transform" : [
          1,
          0,
          0,
          0,
          0,
          0.86601608991622925,
          -0.50001615285873413,
          0,
          0,
          0.50001615285873413,
          0.86601608991622925,
          0,
          4.1406156725543042e-08,
          0.10085679590702057,
          0.17691344022750854,
          1
        ]
      }
    ]
  }
}