{
  "advancedEditorSelectedIdentifier" : "ShaderGraphEditorPluginID",
  "openSceneRelativePaths" : [
    "Immersive.usda"
  ],
  "recentIdentifiers" : {
    "AF09ED6F-1707-48FD-8720-65B998362C09" : [

    ]
  },
  "sceneCameraHistory" : {
    "AF09ED6F-1707-48FD-8720-65B998362C09" : [
      {
        "date" : 727879780.29812598,
        "title" : "Untitled",
        "transform" : [
          0.99996656179428101,
          2.4215873750677019e-08,
          -0.0081886304542422295,
          0,
          -0.0054480885155498981,
          0.74655228853225708,
          -0.66530454158782959,
          0,
          0.0061132214032113552,
          0.66532677412033081,
          0.74652725458145142,
          0,
          0.2267298698425293,
          0.90213346481323242,
          0.33833599090576172,
          1
        ]
      },
      {
        "date" : 727879778.56515706,
        "title" : "Untitled",
        "transform" : [
          0.99996656179428101,
          2.4215873750677019e-08,
          -0.0081886304542422295,
          0,
          -0.0054480885155498981,
          0.74655228853225708,
          -0.66530454158782959,
          0,
          0.0061132214032113552,
          0.66532677412033081,
          0.74652725458145142,
          0,
          0.22158537805080414,
          0.86881941556930542,
          0.27321916818618774,
          1
        ]
      },
      {
        "date" : 727876893.31767094,
        "title" : "Untitled",
        "transform" : [
          0.99996656179428101,
          2.4215873750677019e-08,
          -0.0081886304542422295,
          0,
          -0.0054480885155498981,
          0.74655228853225708,
          -0.66530454158782959,
          0,
          0.0061132214032113552,
          0.66532677412033081,
          0.74652725458145142,
          0,
          0.22606857120990753,
          0.75282067060470581,
          0.17487405240535736,
          1
        ]
      },
      {
        "date" : 727876886.25497901,
        "title" : "Untitled",
        "transform" : [
          0.98726063966751099,
          2.3789034742094373e-08,
          -0.15911184251308441,
          0,
          -0.13347925245761871,
          0.54428213834762573,
          -0.82821518182754517,
          0,
          0.086601689457893372,
          0.83890229463577271,
          0.53734821081161499,
          0,
          0.24704611301422119,
          0.79556804895401001,
          0.13708005845546722,
          1
        ]
      },
      {
        "date" : 727876869.81425703,
        "title" : "Untitled",
        "transform" : [
          0.99997597932815552,
          3.188340258475364e-08,
          0.0069404984824359417,
          0,
          0.0062656891532242298,
          0.43012791872024536,
          -0.90274626016616821,
          0,
          -0.0029853438027203083,
          0.90276795625686646,
          0.43011748790740967,
          0,
          0.22378039360046387,
          0.81300044059753418,
          0.12331750243902206,
          1
        ]
      },
      {
        "date" : 727876866.86419904,
        "title" : "Untitled",
        "transform" : [
          0.99997597932815552,
          3.188340258475364e-08,
          0.0069404984824359417,
          0,
          0.0062656891532242298,
          0.43012791872024536,
          -0.90274626016616821,
          0,
          -0.0029853438027203083,
          0.90276795625686646,
          0.43011748790740967,
          0,
          0.22013457119464874,
          0.78865927457809448,
          0.10441149026155472,
          1
        ]
      },
      {
        "date" : 727876857.13115704,
        "title" : "Untitled",
        "transform" : [
          0.99694597721099854,
          3.2413343120651916e-08,
          0.078094460070133209,
          0,
          0.026381203904747963,
          0.94121378660202026,
          -0.33677962422370911,
          0,
          -0.073503598570823669,
          0.33781135082244873,
          0.9383392333984375,
          0,
          0.16774587333202362,
          0.77420300245285034,
          0.67885088920593262,
          1
        ]
      },
      {
        "date" : 727876853.73654103,
        "title" : "Untitled",
        "transform" : [
          0.15333561599254608,
          2.7034779748191795e-08,
          -0.98817402124404907,
          0,
          -0.9875720739364624,
          0.034899678081274033,
          -0.15324220061302185,
          0,
          0.034486889839172363,
          0.99939078092575073,
          0.0053513688035309315,
          0,
          0.4104163646697998,
          1.3767358064651489,
          0.011541958898305893,
          1
        ]
      },
      {
        "date" : 727876830.36185706,
        "title" : "Untitled",
        "transform" : [
          0.99988514184951782,
          2.3619433520138955e-08,
          -0.015154353342950344,
          0,
          -0.0091648856177926064,
          0.7964017391204834,
          -0.60469847917556763,
          0,
          0.01206893939524889,
          0.60476797819137573,
          0.79631030559539795,
          0,
          0.23047056794166565,
          0.97603297233581543,
          0.63402241468429565,
          1
        ]
      },
      {
        "date" : 727876823.89676595,
        "title" : "Untitled",
        "transform" : [
          0.999855637550354,
          -2.3151425221357158e-10,
          -0.016993643715977669,
          0,
          -0.005727225448936224,
          0.94149690866470337,
          -0.33697298169136047,
          0,
          0.015999462455511093,
          0.33702164888381958,
          0.9413609504699707,
          0,
          0.85633450746536255,
          0.66038650274276733,
          1.6662615537643433,
          1
        ]
      }
    ]
  }
}