{
  "advancedEditorSelectedIdentifier" : "ShaderGraphEditorPluginID",
  "openSceneRelativePaths" : [
    "Immersive.usda"
  ],
  "recentIdentifiers" : {
    "AF09ED6F-1707-48FD-8720-65B998362C09" : [

    ]
  },
  "sceneCameraHistory" : {
    "2F5EF6CF-9B99-4E1C-B6CD-FF61FDB6A312" : [
      {
        "date" : 728271473.51215994,
        "title" : "Untitled",
        "transform" : [
          1,
          0,
          -0,
          0,
          -0,
          0.86602544784545898,
          -0.49999994039535522,
          0,
          0,
          0.49999994039535522,
          0.86602544784545898,
          0,
          0,
          0.22959704697132111,
          0.39767378568649292,
          1
        ]
      }
    ],
    "AF09ED6F-1707-48FD-8720-65B998362C09" : [
      {
        "date" : 728320513.03855205,
        "title" : "Untitled",
        "transform" : [
          0.99416708946228027,
          0.00011999595881206915,
          -0.10785038769245148,
          0,
          -0.06006583571434021,
          0.83117073774337769,
          -0.55276334285736084,
          0,
          0.08957575261592865,
          0.55601727962493896,
          0.82632976770401001,
          0,
          1.1544158458709717,
          7.1939640045166016,
          6.1782779693603516,
          1
        ]
      },
      {
        "date" : 728320502.22124803,
        "title" : "Untitled",
        "transform" : [
          0.99264323711395264,
          -1.2387691761261976e-08,
          -0.12107611447572708,
          0,
          -0.046839162707328796,
          0.92213958501815796,
          -0.38401126861572266,
          0,
          0.11164908856153488,
          0.38685727119445801,
          0.9153556227684021,
          0,
          0.64644855260848999,
          4.028468132019043,
          3.4597053527832031,
          1
        ]
      },
      {
        "date" : 728320427.78687298,
        "title" : "Untitled",
        "transform" : [
          0.99264323711395264,
          -1.2387691761261976e-08,
          -0.12107611447572708,
          0,
          -0.046839162707328796,
          0.92213958501815796,
          -0.38401126861572266,
          0,
          0.11164908856153488,
          0.38685727119445801,
          0.9153556227684021,
          0,
          0.42276665568351746,
          2.961637020111084,
          1.9260636568069458,
          1
        ]
      },
      {
        "date" : 728320368.93244803,
        "title" : "Untitled",
        "transform" : [
          0.95350885391235352,
          3.0353774604918726e-08,
          -0.3013651967048645,
          0,
          -0.038552440702915192,
          0.99178367853164673,
          -0.12197840958833694,
          0,
          0.29888913035392761,
          0.12792590260505676,
          0.94567453861236572,
          0,
          0.081746816635131836,
          1.6176344156265259,
          1.4578924179077148,
          1
        ]
      },
      {
        "date" : 728320362.44658601,
        "title" : "Untitled",
        "transform" : [
          0.88139283657073975,
          3.0038652454322801e-08,
          -0.47238415479660034,
          0,
          -0.035393770784139633,
          0.99718910455703735,
          -0.066038981080055237,
          0,
          0.47105634212493896,
          0.074925795197486877,
          0.87891525030136108,
          0,
          3.0500783920288086,
          1.0733036994934082,
          2.0901141166687012,
          1
        ]
      },
      {
        "date" : 728320354.42942095,
        "title" : "Untitled",
        "transform" : [
          0.93639743328094482,
          2.9360482045603931e-08,
          -0.35094121098518372,
          0,
          -0.048613265156745911,
          0.99035924673080444,
          -0.12971201539039612,
          0,
          0.34755793213844299,
          0.13852247595787048,
          0.92736995220184326,
          0,
          0.60407638549804688,
          1.7145310640335083,
          0.9780731201171875,
          1
        ]
      },
      {
        "date" : 728320333.37783003,
        "title" : "Untitled",
        "transform" : [
          0.92437547445297241,
          2.9773771004215632e-08,
          -0.38148385286331177,
          0,
          -0.05833757296204567,
          0.98823809623718262,
          -0.14135795831680298,
          0,
          0.37699693441390991,
          0.15292273461818695,
          0.91350311040878296,
          0,
          0.96845108270645142,
          1.8927669525146484,
          0.80643963813781738,
          1
        ]
      },
      {
        "date" : 728320321.39511395,
        "title" : "Untitled",
        "transform" : [
          0.98353594541549683,
          2.7576710692756023e-08,
          -0.18071265518665314,
          0,
          -0.071192033588886261,
          0.91913121938705444,
          -0.38746535778045654,
          0,
          0.16609866917133331,
          0.39395147562026978,
          0.90399867296218872,
          0,
          0.76223045587539673,
          3.3074305057525635,
          2.6076445579528809,
          1
        ]
      },
      {
        "date" : 728320316.34579301,
        "title" : "Untitled",
        "transform" : [
          0.95301079750061035,
          3.8901724508377811e-08,
          -0.30293652415275574,
          0,
          0.093781903386116028,
          0.95087462663650513,
          0.29502946138381958,
          0,
          0.2880547046661377,
          -0.30957624316215515,
          0.90619373321533203,
          0,
          1.3217625617980957,
          0.079565763473510742,
          2.6176514625549316,
          1
        ]
      },
      {
        "date" : 728320312.17729497,
        "title" : "Untitled",
        "transform" : [
          0.99981313943862915,
          -8.6956832845430654e-09,
          0.019334468990564346,
          0,
          0.0051294835284352303,
          0.96416538953781128,
          -0.26525247097015381,
          0,
          -0.018641596660017967,
          0.26530206203460693,
          0.9639851450920105,
          0,
          5.4739499092102051,
          1.6543194055557251,
          9.4581127166748047,
          1
        ]
      }
    ]
  },
  "selectedSceneRelativePath" : "Immersive.usda"
}