{
  "advancedEditorSelectedIdentifier" : "ShaderGraphEditorPluginID",
  "openSceneRelativePaths" : [
    "Immersive.usda"
  ],
  "recentIdentifiers" : {
    "AF09ED6F-1707-48FD-8720-65B998362C09" : [

    ]
  },
  "sceneCameraHistory" : {
    "81871E25-D421-42FA-8DFC-CBA8584E88CB" : [
      {
        "date" : 726658666.74001706,
        "title" : "Untitled",
        "transform" : [
          1,
          0,
          0,
          0,
          0,
          0.86602544784545898,
          -0.49999994039535522,
          0,
          0,
          0.49999994039535522,
          0.86602544784545898,
          0,
          0,
          0.20933113992214203,
          0.36257222294807434,
          1
        ]
      }
    ],
    "AF09ED6F-1707-48FD-8720-65B998362C09" : [
      {
        "date" : 726775745.94988501,
        "title" : "Untitled",
        "transform" : [
          -0.99682730436325073,
          -2.0672970002522106e-09,
          -0.079594343900680542,
          0,
          -0.0049202768132090569,
          0.99808752536773682,
          0.061620771884918213,
          0,
          0.079442128539085388,
          0.061816897243261337,
          -0.99492090940475464,
          0,
          0.80204898118972778,
          1.6788254976272583,
          -3.5137388706207275,
          1
        ]
      },
      {
        "date" : 726775614.75696504,
        "title" : "Untitled",
        "transform" : [
          -0.99682730436325073,
          -2.0672970002522106e-09,
          -0.079594343900680542,
          0,
          -0.0049202768132090569,
          0.99808752536773682,
          0.061620771884918213,
          0,
          0.079442128539085388,
          0.061816897243261337,
          -0.99492090940475464,
          0,
          0.69915235042572021,
          1.5942935943603516,
          -2.2527222633361816,
          1
        ]
      },
      {
        "date" : 726775608.49369204,
        "title" : "Untitled",
        "transform" : [
          -0.99682730436325073,
          -2.0672970002522106e-09,
          -0.079594343900680542,
          0,
          -0.0049202768132090569,
          0.99808752536773682,
          0.061620771884918213,
          0,
          0.079442128539085388,
          0.061816897243261337,
          -0.99492090940475464,
          0,
          0.76311278343200684,
          1.6245772838592529,
          -2.4944705963134766,
          1
        ]
      },
      {
        "date" : 726775605.00484002,
        "title" : "Untitled",
        "transform" : [
          -0.37343409657478333,
          -2.2345589822947431e-09,
          -0.92765671014785767,
          0,
          0.11200463026762009,
          0.99268424510955811,
          -0.045088175684213638,
          0,
          0.92087024450302124,
          -0.12073931097984314,
          -0.37070214748382568,
          0,
          1.5665175914764404,
          1.4383971691131592,
          -1.576775074005127,
          1
        ]
      },
      {
        "date" : 726775594.18283498,
        "title" : "Untitled",
        "transform" : [
          -0.40070778131484985,
          3.3170351881883775e-11,
          -0.91620588302612305,
          0,
          -0.056906823068857193,
          0.99806928634643555,
          0.024888519197702408,
          0,
          0.914436936378479,
          0.062111388891935349,
          -0.39993414282798767,
          0,
          3.6954629421234131,
          2.3063745498657227,
          -2.982243537902832,
          1
        ]
      },
      {
        "date" : 726773228.00079095,
        "title" : "Untitled",
        "transform" : [
          -0.40070778131484985,
          3.3170351881883775e-11,
          -0.91620588302612305,
          0,
          -0.056906823068857193,
          0.99806928634643555,
          0.024888519197702408,
          0,
          0.914436936378479,
          0.062111388891935349,
          -0.39993414282798767,
          0,
          2.3977470397949219,
          2.2182326316833496,
          -2.4146816730499268,
          1
        ]
      },
      {
        "date" : 726773223.39854598,
        "title" : "Untitled",
        "transform" : [
          -0.33594217896461487,
          -5.1502366815725509e-09,
          -0.9418826699256897,
          0,
          -0.1490933895111084,
          0.98739224672317505,
          0.053177278488874435,
          0,
          0.93000751733779907,
          0.15829294919967651,
          -0.33170667290687561,
          0,
          0.92948758602142334,
          2.1111767292022705,
          -1.4227299690246582,
          1
        ]
      },
      {
        "date" : 726773209.69033504,
        "title" : "Untitled",
        "transform" : [
          -0.58154892921447754,
          -8.5503959468269386e-09,
          -0.8135114312171936,
          0,
          -0.12669362127780914,
          0.98779857158660889,
          0.090568520128726959,
          0,
          0.8035854697227478,
          0.15573672950267792,
          -0.57445323467254639,
          0,
          2.2600994110107422,
          2.506751537322998,
          -3.4820804595947266,
          1
        ]
      },
      {
        "date" : 726773207.60728002,
        "title" : "Untitled",
        "transform" : [
          -0.58154892921447754,
          2.2173740621411753e-09,
          -0.81351149082183838,
          0,
          -0.12669362127780914,
          0.98779857158660889,
          0.090568535029888153,
          0,
          0.80358541011810303,
          0.15573674440383911,
          -0.57445317506790161,
          0,
          -20.329580307006836,
          0.99335658550262451,
          8.7504768371582031,
          1
        ]
      },
      {
        "date" : 726773186.14618504,
        "title" : "Untitled",
        "transform" : [
          -0.82490074634552002,
          -1.4390202363046001e-09,
          0.5652775764465332,
          0,
          0.16235226392745972,
          0.95786821842193604,
          0.23691810667514801,
          0,
          -0.54146146774291992,
          0.28720802068710327,
          -0.79014617204666138,
          0,
          -12.86292839050293,
          6.7365636825561523,
          -10.13361644744873,
          1
        ]
      }
    ]
  },
  "selectedSceneRelativePath" : "Immersive.usda"
}