{
  "advancedEditorSelectedIdentifier" : "ShaderGraphEditorPluginID",
  "openSceneRelativePaths" : [
    "Immersive.usda"
  ],
  "recentIdentifiers" : {
    "AF09ED6F-1707-48FD-8720-65B998362C09" : [

    ]
  },
  "sceneCameraHistory" : {
    "81871E25-D421-42FA-8DFC-CBA8584E88CB" : [
      {
        "date" : 726658666.74001706,
        "title" : "Untitled",
        "transform" : [
          1,
          0,
          0,
          0,
          0,
          0.86602544784545898,
          -0.49999994039535522,
          0,
          0,
          0.49999994039535522,
          0.86602544784545898,
          0,
          0,
          0.20933113992214203,
          0.36257222294807434,
          1
        ]
      }
    ],
    "AF09ED6F-1707-48FD-8720-65B998362C09" : [
      {
        "date" : 726773228.00079095,
        "title" : "Untitled",
        "transform" : [
          -0.40070778131484985,
          3.3170351881883775e-11,
          -0.91620588302612305,
          0,
          -0.056906823068857193,
          0.99806928634643555,
          0.024888519197702408,
          0,
          0.914436936378479,
          0.062111388891935349,
          -0.39993414282798767,
          0,
          2.3977470397949219,
          2.2182326316833496,
          -2.4146816730499268,
          1
        ]
      },
      {
        "date" : 726773223.39854598,
        "title" : "Untitled",
        "transform" : [
          -0.33594217896461487,
          -5.1502366815725509e-09,
          -0.9418826699256897,
          0,
          -0.1490933895111084,
          0.98739224672317505,
          0.053177278488874435,
          0,
          0.93000751733779907,
          0.15829294919967651,
          -0.33170667290687561,
          0,
          0.92948758602142334,
          2.1111767292022705,
          -1.4227299690246582,
          1
        ]
      },
      {
        "date" : 726773209.69033504,
        "title" : "Untitled",
        "transform" : [
          -0.58154892921447754,
          -8.5503959468269386e-09,
          -0.8135114312171936,
          0,
          -0.12669362127780914,
          0.98779857158660889,
          0.090568520128726959,
          0,
          0.8035854697227478,
          0.15573672950267792,
          -0.57445323467254639,
          0,
          2.2600994110107422,
          2.506751537322998,
          -3.4820804595947266,
          1
        ]
      },
      {
        "date" : 726773207.60728002,
        "title" : "Untitled",
        "transform" : [
          -0.58154892921447754,
          2.2173740621411753e-09,
          -0.81351149082183838,
          0,
          -0.12669362127780914,
          0.98779857158660889,
          0.090568535029888153,
          0,
          0.80358541011810303,
          0.15573674440383911,
          -0.57445317506790161,
          0,
          -20.329580307006836,
          0.99335658550262451,
          8.7504768371582031,
          1
        ]
      },
      {
        "date" : 726773186.14618504,
        "title" : "Untitled",
        "transform" : [
          -0.82490074634552002,
          -1.4390202363046001e-09,
          0.5652775764465332,
          0,
          0.16235226392745972,
          0.95786821842193604,
          0.23691810667514801,
          0,
          -0.54146146774291992,
          0.28720802068710327,
          -0.79014617204666138,
          0,
          -12.86292839050293,
          6.7365636825561523,
          -10.13361644744873,
          1
        ]
      },
      {
        "date" : 726773180.965505,
        "title" : "Untitled",
        "transform" : [
          -0.9991040825843811,
          5.1452608840207859e-10,
          0.042322777211666107,
          0,
          0.007184439804404974,
          0.98548662662506104,
          0.16960142552852631,
          0,
          -0.041708521544933319,
          0.16975352168083191,
          -0.98460358381271362,
          0,
          -1.7187838554382324,
          1.8240045309066772,
          -3.9029872417449951,
          1
        ]
      },
      {
        "date" : 726773179.37903297,
        "title" : "Untitled",
        "transform" : [
          -0.9991040825843811,
          5.1452608840207859e-10,
          0.042322777211666107,
          0,
          0.007184439804404974,
          0.98548662662506104,
          0.16960142552852631,
          0,
          -0.041708521544933319,
          0.16975352168083191,
          -0.98460358381271362,
          0,
          -4.0387325286865234,
          2.7019405364990234,
          -8.3495578765869141,
          1
        ]
      },
      {
        "date" : 726773140.63220501,
        "title" : "Untitled",
        "transform" : [
          -0.9991040825843811,
          5.1452608840207859e-10,
          0.042322777211666107,
          0,
          0.007184439804404974,
          0.98548662662506104,
          0.16960142552852631,
          0,
          -0.041708521544933319,
          0.16975352168083191,
          -0.98460358381271362,
          0,
          -1.2341238260269165,
          1.6405946016311646,
          -2.9740543365478516,
          1
        ]
      },
      {
        "date" : 726773134.54634905,
        "title" : "Untitled",
        "transform" : [
          -0.9991040825843811,
          5.1452608840207859e-10,
          0.042322777211666107,
          0,
          0.007184439804404974,
          0.98548662662506104,
          0.16960142552852631,
          0,
          -0.041708521544933319,
          0.16975352168083191,
          -0.98460358381271362,
          0,
          -1.243533730506897,
          0.35001817345619202,
          -3.1961610317230225,
          1
        ]
      },
      {
        "date" : 726773124.58424199,
        "title" : "Untitled",
        "transform" : [
          -0.99918097257614136,
          2.5587915120084403e-10,
          0.04046327993273735,
          0,
          0.0073753846809267998,
          0.98324781656265259,
          0.18212424218654633,
          0,
          -0.039785433560609818,
          0.18227352201938629,
          -0.98244261741638184,
          0,
          -4.0360164642333984,
          0.94315832853317261,
          -6.7858138084411621,
          1
        ]
      }
    ]
  },
  "selectedSceneRelativePath" : "Immersive.usda"
}