{
  "advancedEditorSelectedIdentifier" : "ProjectBrowser",
  "openSceneRelativePaths" : [
    "Immersive.usda"
  ],
  "recentIdentifiers" : {

  },
  "sceneCameraHistory" : {
    "AF09ED6F-1707-48FD-8720-65B998362C09" : [
      {
        "date" : 725363757.393309,
        "title" : "Untitled",
        "transform" : [
          0.99988067150115967,
          7.2629009082447737e-06,
          0.015448672696948051,
          0,
          0.0073791076429188251,
          0.87832391262054443,
          -0.47800913453102112,
          0,
          -0.013572408817708492,
          0.47806602716445923,
          0.87821894884109497,
          0,
          0.19014844298362732,
          2.3127408027648926,
          1.2748948335647583,
          1
        ]
      },
      {
        "date" : 725363739.94761503,
        "title" : "Untitled",
        "transform" : [
          0.99988055229187012,
          7.262899998750072e-06,
          0.015448670834302902,
          0,
          0.0073791067115962505,
          0.87832379341125488,
          -0.47800907492637634,
          0,
          -0.013572408817708492,
          0.47806602716445923,
          0.87821894884109497,
          0,
          0.31071153283119202,
          2.1520681381225586,
          0.7263185977935791,
          1
        ]
      },
      {
        "date" : 725363734.25197697,
        "title" : "Untitled",
        "transform" : [
          0.99884063005447388,
          7.2629304668225814e-06,
          0.048137769103050232,
          0,
          0.024585099890828133,
          0.85966783761978149,
          -0.51026129722595215,
          0,
          -0.041386201977729797,
          0.51085323095321655,
          0.85867106914520264,
          0,
          0.23942962288856506,
          2.2358484268188477,
          0.68297463655471802,
          1
        ]
      },
      {
        "date" : 725363728.12352598,
        "title" : "Untitled",
        "transform" : [
          0.99884063005447388,
          7.2629304668225814e-06,
          0.048137769103050232,
          0,
          0.024585099890828133,
          0.85966783761978149,
          -0.51026129722595215,
          0,
          -0.041386201977729797,
          0.51085323095321655,
          0.85867106914520264,
          0,
          0,
          1.4973571300506592,
          1.8364644050598145,
          1
        ]
      },
      {
        "date" : 725363724.97464204,
        "title" : "Untitled",
        "transform" : [
          0.99884063005447388,
          7.2629304668225814e-06,
          0.048137769103050232,
          0,
          0.024585099890828133,
          0.85966783761978149,
          -0.51026129722595215,
          0,
          -0.041386201977729797,
          0.51085323095321655,
          0.85867106914520264,
          0,
          0,
          2.9744513034820557,
          3.6480767726898193,
          1
        ]
      },
      {
        "date" : 725284902.469365,
        "title" : "Untitled",
        "transform" : [
          1,
          0,
          0,
          0,
          0,
          0.86602568626403809,
          -0.49999949336051941,
          0,
          0,
          0.49999949336051941,
          0.86602568626403809,
          0,
          0,
          4.1879401206970215,
          5.1363859176635742,
          1
        ]
      }
    ]
  }
}