{
  "advancedEditorSelectedIdentifier" : "ProjectBrowser",
  "openSceneRelativePaths" : [
    "Immersive.usda"
  ],
  "recentIdentifiers" : {
    "AF09ED6F-1707-48FD-8720-65B998362C09" : [

    ]
  },
  "sceneCameraHistory" : {
    "AF09ED6F-1707-48FD-8720-65B998362C09" : [
      {
        "date" : 728465992.941507,
        "title" : "Untitled",
        "transform" : [
          0.92393047,
          -1.0838506e-06,
          -0.38256037,
          0,
          -0.21922742,
          0.81951666,
          -0.5294635,
          0,
          0.3135152,
          0.57305527,
          0.7571762,
          0,
          0.13248134,
          2.0604987,
          0.09303951,
          1
        ]
      },
      {
        "date" : 728465890.176291,
        "title" : "Untitled",
        "transform" : [
          0.92393047,
          -1.0838506e-06,
          -0.38256037,
          0,
          -0.21922742,
          0.81951666,
          -0.5294635,
          0,
          0.3135152,
          0.57305527,
          0.7571762,
          0,
          -1.1881981,
          0.9808464,
          0.75019073,
          1
        ]
      },
      {
        "date" : 728465709.900681,
        "title" : "Untitled",
        "transform" : [
          0.92393047,
          -1.0838506e-06,
          -0.38256037,
          0,
          -0.21922742,
          0.81951666,
          -0.5294635,
          0,
          0.3135152,
          0.57305527,
          0.7571762,
          0,
          33.447773,
          53.78895,
          128.56084,
          1
        ]
      },
      {
        "date" : 728465593.55546,
        "title" : "Untitled",
        "transform" : [
          0.92393047,
          -1.0838506e-06,
          -0.38256037,
          0,
          -0.21922742,
          0.81951666,
          -0.5294635,
          0,
          0.3135152,
          0.57305527,
          0.7571762,
          0,
          0.1324814,
          2.0604987,
          0.09303948,
          1
        ]
      },
      {
        "date" : 728465573.409572,
        "title" : "Untitled",
        "transform" : [
          0.92393047,
          -1.0838506e-06,
          -0.38256037,
          0,
          -0.21922742,
          0.81951666,
          -0.5294635,
          0,
          0.3135152,
          0.57305527,
          0.7571762,
          0,
          0.39034143,
          2.5037892,
          0.38524035,
          1
        ]
      },
      {
        "date" : 728465504.981622,
        "title" : "Untitled",
        "transform" : [
          0.92393047,
          -1.0838506e-06,
          -0.38256037,
          0,
          -0.21922742,
          0.81951666,
          -0.5294635,
          0,
          0.3135152,
          0.57305527,
          0.7571762,
          0,
          4.374063,
          3.397188,
          1.6458308,
          1
        ]
      },
      {
        "date" : 728465481.859895,
        "title" : "Untitled",
        "transform" : [
          0.92393047,
          -1.0838506e-06,
          -0.38256037,
          0,
          -0.21922742,
          0.81951666,
          -0.5294635,
          0,
          0.3135152,
          0.57305527,
          0.7571762,
          0,
          0.3892517,
          1.0004659,
          0.8790436,
          1
        ]
      },
      {
        "date" : 728465476.278368,
        "title" : "Untitled",
        "transform" : [
          0.92393047,
          -1.0838506e-06,
          -0.38256037,
          0,
          -0.21922742,
          0.81951666,
          -0.5294635,
          0,
          0.3135152,
          0.57305527,
          0.7571762,
          0,
          56.802402,
          1.0004668,
          42.457523,
          1
        ]
      },
      {
        "date" : 728465468.939746,
        "title" : "Untitled",
        "transform" : [
          0.92393047,
          -1.0838506e-06,
          -0.38256037,
          0,
          -0.21922742,
          0.81951666,
          -0.5294635,
          0,
          0.3135152,
          0.57305527,
          0.7571762,
          0,
          39.034145,
          100.37891,
          88.52403,
          1
        ]
      },
      {
        "date" : 728465467.43849,
        "title" : "Untitled",
        "transform" : [
          0.92393047,
          -1.0913012e-06,
          -0.38256037,
          0,
          -0.2192274,
          0.81951666,
          -0.5294635,
          0,
          0.3135152,
          0.57305527,
          0.7571762,
          0,
          56.802406,
          1.0004654,
          42.457523,
          1
        ]
      }
    ]
  }
}